#N 800
#min 100.000000
#max 7200.000000
100.000000 0.036000
108.875000 0.039000
117.750000 0.042000
126.625000 0.045000
135.500000 0.048000
144.375000 0.051000
153.250000 0.054000
162.125000 0.057000
171.000000 0.060000
179.875000 0.063000
188.750000 0.066000
197.625000 0.069000
206.500000 0.072000
215.375000 0.075000
224.250000 0.078000
233.125000 0.081000
242.000000 0.085000
250.875000 0.088000
259.750000 0.091000
268.625000 0.094000
277.500000 0.097000
286.375000 0.100000
295.250000 0.103000
304.125000 0.106000
313.000000 0.109000
321.875000 0.112000
330.750000 0.115000
339.625000 0.119000
348.500000 0.122000
357.375000 0.125000
366.250000 0.128000
375.125000 0.131000
384.000000 0.134000
392.875000 0.137000
401.750000 0.141000
410.625000 0.144000
419.500000 0.147000
428.375000 0.150000
437.250000 0.153000
446.125000 0.156000
455.000000 0.160000
463.875000 0.163000
472.750000 0.166000
481.625000 0.169000
490.500000 0.172000
499.375000 0.176000
508.250000 0.179000
517.125000 0.182000
526.000000 0.185000
534.875000 0.189000
543.750000 0.192000
552.625000 0.195000
561.500000 0.198000
570.375000 0.202000
579.250000 0.205000
588.125000 0.208000
597.000000 0.211000
605.875000 0.215000
614.750000 0.218000
623.625000 0.221000
632.500000 0.225000
641.375000 0.228000
650.250000 0.231000
659.125000 0.235000
668.000000 0.238000
676.875000 0.241000
685.750000 0.245000
694.625000 0.248000
703.500000 0.251000
712.375000 0.255000
721.250000 0.258000
730.125000 0.261000
739.000000 0.265000
747.875000 0.268000
756.750000 0.272000
765.625000 0.275000
774.500000 0.278000
783.375000 0.282000
792.250000 0.285000
801.125000 0.289000
810.000000 0.292000
818.875000 0.295000
827.750000 0.299000
836.625000 0.302000
845.500000 0.306000
854.375000 0.309000
863.250000 0.313000
872.125000 0.316000
881.000000 0.320000
889.875000 0.323000
898.750000 0.327000
907.625000 0.330000
916.500000 0.334000
925.375000 0.337000
934.250000 0.341000
943.125000 0.344000
952.000000 0.348000
960.875000 0.351000
969.750000 0.355000
978.625000 0.359000
987.500000 0.362000
996.375000 0.366000
1005.250000 0.369000
1014.125000 0.373000
1023.000000 0.376000
1031.875000 0.380000
1040.750000 0.384000
1049.625000 0.387000
1058.500000 0.391000
1067.375000 0.395000
1076.250000 0.398000
1085.125000 0.402000
1094.000000 0.406000
1102.875000 0.409000
1111.750000 0.413000
1120.625000 0.417000
1129.500000 0.420000
1138.375000 0.424000
1147.250000 0.428000
1156.125000 0.431000
1165.000000 0.435000
1173.875000 0.439000
1182.750000 0.443000
1191.625000 0.446000
1200.500000 0.450000
1209.375000 0.454000
1218.250000 0.458000
1227.125000 0.461000
1236.000000 0.465000
1244.875000 0.469000
1253.750000 0.473000
1262.625000 0.477000
1271.500000 0.481000
1280.375000 0.484000
1289.250000 0.488000
1298.125000 0.492000
1307.000000 0.496000
1315.875000 0.500000
1324.750000 0.504000
1333.625000 0.508000
1342.500000 0.512000
1351.375000 0.515000
1360.250000 0.519000
1369.125000 0.523000
1378.000000 0.527000
1386.875000 0.531000
1395.750000 0.535000
1404.625000 0.539000
1413.500000 0.543000
1422.375000 0.547000
1431.250000 0.551000
1440.125000 0.555000
1449.000000 0.559000
1457.875000 0.563000
1466.750000 0.567000
1475.625000 0.571000
1484.500000 0.575000
1493.375000 0.579000
1502.250000 0.583000
1511.125000 0.588000
1520.000000 0.592000
1528.875000 0.596000
1537.750000 0.600000
1546.625000 0.604000
1555.500000 0.608000
1564.375000 0.612000
1573.250000 0.616000
1582.125000 0.621000
1591.000000 0.625000
1599.875000 0.629000
1608.750000 0.633000
1617.625000 0.637000
1626.500000 0.642000
1635.375000 0.646000
1644.250000 0.650000
1653.125000 0.654000
1662.000000 0.659000
1670.875000 0.663000
1679.750000 0.667000
1688.625000 0.671000
1697.500000 0.676000
1706.375000 0.680000
1715.250000 0.684000
1724.125000 0.689000
1733.000000 0.693000
1741.875000 0.698000
1750.750000 0.702000
1759.625000 0.706000
1768.500000 0.711000
1777.375000 0.715000
1786.250000 0.720000
1795.125000 0.724000
1804.000000 0.728000
1812.875000 0.733000
1821.750000 0.737000
1830.625000 0.742000
1839.500000 0.746000
1848.375000 0.751000
1857.250000 0.755000
1866.125000 0.760000
1875.000000 0.764000
1883.875000 0.769000
1892.750000 0.774000
1901.625000 0.778000
1910.500000 0.783000
1919.375000 0.787000
1928.250000 0.792000
1937.125000 0.797000
1946.000000 0.801000
1954.875000 0.806000
1963.750000 0.811000
1972.625000 0.815000
1981.500000 0.820000
1990.375000 0.825000
1999.250000 0.830000
2008.125000 0.834000
2017.000000 0.839000
2025.875000 0.844000
2034.750000 0.849000
2043.625000 0.853000
2052.500000 0.858000
2061.375000 0.863000
2070.250000 0.868000
2079.125000 0.873000
2088.000000 0.878000
2096.875000 0.882000
2105.750000 0.887000
2114.625000 0.892000
2123.500000 0.897000
2132.375000 0.902000
2141.250000 0.907000
2150.125000 0.912000
2159.000000 0.917000
2167.875000 0.922000
2176.750000 0.927000
2185.625000 0.932000
2194.500000 0.937000
2203.375000 0.942000
2212.250000 0.947000
2221.125000 0.952000
2230.000000 0.957000
2238.875000 0.963000
2247.750000 0.968000
2256.625000 0.973000
2265.500000 0.978000
2274.375000 0.983000
2283.250000 0.988000
2292.125000 0.994000
2301.000000 0.999000
2309.875000 1.004000
2318.750000 1.009000
2327.625000 1.015000
2336.500000 1.020000
2345.375000 1.025000
2354.250000 1.031000
2363.125000 1.036000
2372.000000 1.041000
2380.875000 1.047000
2389.750000 1.052000
2398.625000 1.057000
2407.500000 1.063000
2416.375000 1.068000
2425.250000 1.074000
2434.125000 1.079000
2443.000000 1.085000
2451.875000 1.090000
2460.750000 1.096000
2469.625000 1.101000
2478.500000 1.107000
2487.375000 1.113000
2496.250000 1.118000
2505.125000 1.124000
2514.000000 1.129000
2522.875000 1.135000
2531.750000 1.141000
2540.625000 1.146000
2549.500000 1.152000
2558.375000 1.158000
2567.250000 1.164000
2576.125000 1.169000
2585.000000 1.175000
2593.875000 1.181000
2602.750000 1.187000
2611.625000 1.193000
2620.500000 1.199000
2629.375000 1.204000
2638.250000 1.210000
2647.125000 1.216000
2656.000000 1.222000
2664.875000 1.228000
2673.750000 1.234000
2682.625000 1.240000
2691.500000 1.246000
2700.375000 1.252000
2709.250000 1.258000
2718.125000 1.264000
2727.000000 1.271000
2735.875000 1.277000
2744.750000 1.283000
2753.625000 1.289000
2762.500000 1.295000
2771.375000 1.301000
2780.250000 1.308000
2789.125000 1.314000
2798.000000 1.320000
2806.875000 1.326000
2815.750000 1.333000
2824.625000 1.339000
2833.500000 1.345000
2842.375000 1.352000
2851.250000 1.358000
2860.125000 1.365000
2869.000000 1.371000
2877.875000 1.378000
2886.750000 1.384000
2895.625000 1.391000
2904.500000 1.397000
2913.375000 1.404000
2922.250000 1.410000
2931.125000 1.417000
2940.000000 1.424000
2948.875000 1.430000
2957.750000 1.437000
2966.625000 1.444000
2975.500000 1.450000
2984.375000 1.457000
2993.250000 1.464000
3002.125000 1.471000
3011.000000 1.478000
3019.875000 1.484000
3028.750000 1.491000
3037.625000 1.498000
3046.500000 1.505000
3055.375000 1.512000
3064.250000 1.519000
3073.125000 1.526000
3082.000000 1.533000
3090.875000 1.540000
3099.750000 1.547000
3108.625000 1.554000
3117.500000 1.562000
3126.375000 1.569000
3135.250000 1.576000
3144.125000 1.583000
3153.000000 1.590000
3161.875000 1.598000
3170.750000 1.605000
3179.625000 1.612000
3188.500000 1.620000
3197.375000 1.627000
3206.250000 1.634000
3215.125000 1.642000
3224.000000 1.649000
3232.875000 1.657000
3241.750000 1.664000
3250.625000 1.672000
3259.500000 1.679000
3268.375000 1.687000
3277.250000 1.695000
3286.125000 1.702000
3295.000000 1.710000
3303.875000 1.718000
3312.750000 1.725000
3321.625000 1.733000
3330.500000 1.741000
3339.375000 1.749000
3348.250000 1.757000
3357.125000 1.765000
3366.000000 1.773000
3374.875000 1.781000
3383.750000 1.789000
3392.625000 1.797000
3401.500000 1.805000
3410.375000 1.813000
3419.250000 1.821000
3428.125000 1.829000
3437.000000 1.837000
3445.875000 1.845000
3454.750000 1.854000
3463.625000 1.862000
3472.500000 1.870000
3481.375000 1.879000
3490.250000 1.887000
3499.125000 1.895000
3508.000000 1.904000
3516.875000 1.912000
3525.750000 1.921000
3534.625000 1.929000
3543.500000 1.938000
3552.375000 1.947000
3561.250000 1.955000
3570.125000 1.964000
3579.000000 1.973000
3587.875000 1.982000
3596.750000 1.990000
3605.625000 1.999000
3614.500000 2.008000
3623.375000 2.017000
3632.250000 2.026000
3641.125000 2.035000
3650.000000 2.044000
3658.875000 2.053000
3667.750000 2.062000
3676.625000 2.071000
3685.500000 2.080000
3694.375000 2.090000
3703.250000 2.099000
3712.125000 2.108000
3721.000000 2.117000
3729.875000 2.127000
3738.750000 2.136000
3747.625000 2.146000
3756.500000 2.155000
3765.375000 2.165000
3774.250000 2.174000
3783.125000 2.184000
3792.000000 2.193000
3800.875000 2.203000
3809.750000 2.213000
3818.625000 2.223000
3827.500000 2.232000
3836.375000 2.242000
3845.250000 2.252000
3854.125000 2.262000
3863.000000 2.272000
3871.875000 2.282000
3880.750000 2.292000
3889.625000 2.302000
3898.500000 2.313000
3907.375000 2.323000
3916.250000 2.333000
3925.125000 2.343000
3934.000000 2.354000
3942.875000 2.364000
3951.750000 2.374000
3960.625000 2.385000
3969.500000 2.395000
3978.375000 2.406000
3987.250000 2.417000
3996.125000 2.427000
4005.000000 2.438000
4013.875000 2.449000
4022.750000 2.459000
4031.625000 2.470000
4040.500000 2.481000
4049.375000 2.492000
4058.250000 2.503000
4067.125000 2.514000
4076.000000 2.525000
4084.875000 2.536000
4093.750000 2.548000
4102.625000 2.559000
4111.500000 2.570000
4120.375000 2.581000
4129.250000 2.593000
4138.125000 2.604000
4147.000000 2.616000
4155.875000 2.627000
4164.750000 2.639000
4173.625000 2.651000
4182.500000 2.662000
4191.375000 2.674000
4200.250000 2.686000
4209.125000 2.698000
4218.000000 2.710000
4226.875000 2.722000
4235.750000 2.734000
4244.625000 2.746000
4253.500000 2.758000
4262.375000 2.770000
4271.250000 2.783000
4280.125000 2.795000
4289.000000 2.807000
4297.875000 2.820000
4306.750000 2.832000
4315.625000 2.845000
4324.500000 2.857000
4333.375000 2.870000
4342.250000 2.883000
4351.125000 2.896000
4360.000000 2.908000
4368.875000 2.921000
4377.750000 2.934000
4386.625000 2.947000
4395.500000 2.961000
4404.375000 2.974000
4413.250000 2.987000
4422.125000 3.000000
4431.000000 3.014000
4439.875000 3.027000
4448.750000 3.041000
4457.625000 3.054000
4466.500000 3.068000
4475.375000 3.081000
4484.250000 3.095000
4493.125000 3.109000
4502.000000 3.123000
4510.875000 3.137000
4519.750000 3.151000
4528.625000 3.165000
4537.500000 3.179000
4546.375000 3.193000
4555.250000 3.208000
4564.125000 3.222000
4573.000000 3.237000
4581.875000 3.251000
4590.750000 3.266000
4599.625000 3.280000
4608.500000 3.295000
4617.375000 3.310000
4626.250000 3.325000
4635.125000 3.340000
4644.000000 3.355000
4652.875000 3.370000
4661.750000 3.385000
4670.625000 3.400000
4679.500000 3.416000
4688.375000 3.431000
4697.250000 3.447000
4706.125000 3.462000
4715.000000 3.478000
4723.875000 3.494000
4732.750000 3.510000
4741.625000 3.526000
4750.500000 3.542000
4759.375000 3.558000
4768.250000 3.574000
4777.125000 3.590000
4786.000000 3.606000
4794.875000 3.623000
4803.750000 3.639000
4812.625000 3.656000
4821.500000 3.673000
4830.375000 3.689000
4839.250000 3.706000
4848.125000 3.723000
4857.000000 3.740000
4865.875000 3.757000
4874.750000 3.775000
4883.625000 3.792000
4892.500000 3.809000
4901.375000 3.827000
4910.250000 3.844000
4919.125000 3.862000
4928.000000 3.880000
4936.875000 3.898000
4945.750000 3.916000
4954.625000 3.934000
4963.500000 3.952000
4972.375000 3.970000
4981.250000 3.989000
4990.125000 4.007000
4999.000000 4.026000
5007.875000 4.044000
5016.750000 4.063000
5025.625000 4.082000
5034.500000 4.101000
5043.375000 4.120000
5052.250000 4.139000
5061.125000 4.158000
5070.000000 4.178000
5078.875000 4.197000
5087.750000 4.217000
5096.625000 4.237000
5105.500000 4.257000
5114.375000 4.277000
5123.250000 4.297000
5132.125000 4.317000
5141.000000 4.337000
5149.875000 4.357000
5158.750000 4.378000
5167.625000 4.399000
5176.500000 4.419000
5185.375000 4.440000
5194.250000 4.461000
5203.125000 4.482000
5212.000000 4.504000
5220.875000 4.525000
5229.750000 4.546000
5238.625000 4.568000
5247.500000 4.590000
5256.375000 4.612000
5265.250000 4.634000
5274.125000 4.656000
5283.000000 4.678000
5291.875000 4.700000
5300.750000 4.723000
5309.625000 4.745000
5318.500000 4.768000
5327.375000 4.791000
5336.250000 4.814000
5345.125000 4.837000
5354.000000 4.861000
5362.875000 4.884000
5371.750000 4.908000
5380.625000 4.931000
5389.500000 4.955000
5398.375000 4.979000
5407.250000 5.003000
5416.125000 5.028000
5425.000000 5.052000
5433.875000 5.077000
5442.750000 5.101000
5451.625000 5.126000
5460.500000 5.151000
5469.375000 5.177000
5478.250000 5.202000
5487.125000 5.227000
5496.000000 5.253000
5504.875000 5.279000
5513.750000 5.305000
5522.625000 5.331000
5531.500000 5.357000
5540.375000 5.384000
5549.250000 5.410000
5558.125000 5.437000
5567.000000 5.464000
5575.875000 5.491000
5584.750000 5.518000
5593.625000 5.546000
5602.500000 5.574000
5611.375000 5.601000
5620.250000 5.629000
5629.125000 5.657000
5638.000000 5.686000
5646.875000 5.714000
5655.750000 5.743000
5664.625000 5.772000
5673.500000 5.801000
5682.375000 5.830000
5691.250000 5.860000
5700.125000 5.889000
5709.000000 5.919000
5717.875000 5.949000
5726.750000 5.979000
5735.625000 6.010000
5744.500000 6.040000
5753.375000 6.071000
5762.250000 6.102000
5771.125000 6.133000
5780.000000 6.165000
5788.875000 6.196000
5797.750000 6.228000
5806.625000 6.260000
5815.500000 6.292000
5824.375000 6.325000
5833.250000 6.358000
5842.125000 6.390000
5851.000000 6.424000
5859.875000 6.457000
5868.750000 6.490000
5877.625000 6.524000
5886.500000 6.558000
5895.375000 6.592000
5904.250000 6.627000
5913.125000 6.662000
5922.000000 6.697000
5930.875000 6.732000
5939.750000 6.767000
5948.625000 6.803000
5957.500000 6.839000
5966.375000 6.875000
5975.250000 6.911000
5984.125000 6.948000
5993.000000 6.985000
6001.875000 7.022000
6010.750000 7.060000
6019.625000 7.097000
6028.500000 7.135000
6037.375000 7.173000
6046.250000 7.212000
6055.125000 7.251000
6064.000000 7.290000
6072.875000 7.329000
6081.750000 7.369000
6090.625000 7.408000
6099.500000 7.449000
6108.375000 7.489000
6117.250000 7.530000
6126.125000 7.571000
6135.000000 7.612000
6143.875000 7.654000
6152.750000 7.696000
6161.625000 7.738000
6170.500000 7.780000
6179.375000 7.823000
6188.250000 7.866000
6197.125000 7.910000
6206.000000 7.954000
6214.875000 7.998000
6223.750000 8.042000
6232.625000 8.087000
6241.500000 8.132000
6250.375000 8.178000
6259.250000 8.223000
6268.125000 8.269000
6277.000000 8.316000
6285.875000 8.363000
6294.750000 8.410000
6303.625000 8.457000
6312.500000 8.505000
6321.375000 8.554000
6330.250000 8.602000
6339.125000 8.651000
6348.000000 8.700000
6356.875000 8.750000
6365.750000 8.800000
6374.625000 8.851000
6383.500000 8.902000
6392.375000 8.953000
6401.250000 9.005000
6410.125000 9.057000
6419.000000 9.109000
6427.875000 9.162000
6436.750000 9.216000
6445.625000 9.270000
6454.500000 9.324000
6463.375000 9.378000
6472.250000 9.433000
6481.125000 9.489000
6490.000000 9.545000
6498.875000 9.601000
6507.750000 9.658000
6516.625000 9.715000
6525.500000 9.773000
6534.375000 9.831000
6543.250000 9.890000
6552.125000 9.949000
6561.000000 10.009000
6569.875000 10.069000
6578.750000 10.130000
6587.625000 10.191000
6596.500000 10.252000
6605.375000 10.314000
6614.250000 10.377000
6623.125000 10.440000
6632.000000 10.504000
6640.875000 10.568000
6649.750000 10.633000
6658.625000 10.698000
6667.500000 10.764000
6676.375000 10.830000
6685.250000 10.897000
6694.125000 10.965000
6703.000000 11.033000
6711.875000 11.102000
6720.750000 11.171000
6729.625000 11.241000
6738.500000 11.312000
6747.375000 11.383000
6756.250000 11.454000
6765.125000 11.527000
6774.000000 11.600000
6782.875000 11.673000
6791.750000 11.748000
6800.625000 11.823000
6809.500000 11.898000
6818.375000 11.974000
6827.250000 12.051000
6836.125000 12.129000
6845.000000 12.207000
6853.875000 12.286000
6862.750000 12.366000
6871.625000 12.446000
6880.500000 12.528000
6889.375000 12.609000
6898.250000 12.692000
6907.125000 12.776000
6916.000000 12.860000
6924.875000 12.945000
6933.750000 13.030000
6942.625000 13.117000
6951.500000 13.204000
6960.375000 13.292000
6969.250000 13.381000
6978.125000 13.471000
6987.000000 13.562000
6995.875000 13.653000
7004.750000 13.745000
7013.625000 13.839000
7022.500000 13.933000
7031.375000 14.028000
7040.250000 14.124000
7049.125000 14.221000
7058.000000 14.318000
7066.875000 14.417000
7075.750000 14.517000
7084.625000 14.617000
7093.500000 14.719000
7102.375000 14.822000
7111.250000 14.925000
7120.125000 15.030000
7129.000000 15.135000
7137.875000 15.242000
7146.750000 15.350000
7155.625000 15.459000
7164.500000 15.569000
7173.375000 15.680000
7182.250000 15.792000
7191.125000 15.905000
