# Snapnum, Redshift, Tot SFRD, Cent SFRD, Sat SFRD [Msun/yr (cMpc/h)^-3]
4 10 0.002934799897708971 0.002701580432669288 0.00022442503237402243
6 9 0.006149308628719838 0.005590271832968181 0.0005397771429426444
8 8 0.012039683115451024 0.010835439307322878 0.0011643501935186663
11 7 0.022964871011738077 0.02057197370902918 0.0023161400371439766
13 6 0.04305028583450617 0.03854263214404898 0.004380335365853659
17 5 0.07913900697900494 0.0699718083022591 0.009029265390809768
21 4 0.1372064537659059 0.1179980049622031 0.019026066075651833
25 3 0.18290436877004107 0.14799718518303565 0.03473631041337183
33 2 0.1698575615559844 0.12437248443870519 0.04532397237416753
40 1.5 0.13803937841876932 0.0958704676368596 0.042045145891673075
50 1 0.09704127189100564 0.0639996662845867 0.03296812292334702
59 0.7 0.07071790891020154 0.04589967136286473 0.024768457726962755
67 0.5 0.053448633217742056 0.03421120558320396 0.019203950900306146
72 0.4 0.04542237489299343 0.0288827062869082 0.016509472802193816
78 0.3 0.03759637483495597 0.0239753159414402 0.013598355363387066
84 0.2 0.03072197153262431 0.019659002698742038 0.011039337611178016
91 0.1 0.02489482886203044 0.01602495610916847 0.008855325299981138
99 0 0.01987059278013958 0.013063201890570364 0.0067951078045878615
