0.169252 9.084947e-03
0.261343 1.084968e-02
0.503048 1.660353e-02
0.598543 1.909884e-02
0.700106 2.196644e-02
0.169252 9.084947e-03
0.261343 1.084968e-02
0.503048 1.660353e-02
0.598543 1.909884e-02
0.700106 2.196644e-02
0.816710 2.545856e-02
1.035510 3.115263e-02
1.154603 3.434534e-02
1.495512 4.286965e-02
1.604235 4.529994e-02
1.822689 4.967803e-02
2.002028 5.274841e-02
3.008131 5.680098e-02
5.846614 1.438632e-02
6.491598 9.800543e-03
7.236276 6.173259e-03
8.012173 3.730003e-03
8.449476 2.791184e-03
9.002340 1.905458e-03
9.996590 9.095166e-04
11.980213 1.624034e-04
0.169252 9.084947e-03
0.169252 9.084947e-03
0.261343 1.084968e-02
0.328830 1.236609e-02
0.399927 1.410967e-02
0.503048 1.660353e-02
0.598543 1.909884e-02
0.700106 2.196644e-02
0.816710 2.545856e-02
0.923001 2.824226e-02
1.035510 3.115263e-02
1.154603 3.434534e-02
1.302378 3.843285e-02
1.495512 4.286965e-02
1.604235 4.529994e-02
1.822689 4.967803e-02
2.002028 5.274841e-02
2.207925 5.577857e-02
2.444226 5.779624e-02
2.733143 5.840002e-02
3.008131 5.680098e-02
3.283033 5.424969e-02
3.490861 5.219319e-02
4.007945 4.259245e-02
4.428034 3.440740e-02
4.995933 2.455662e-02
5.846614 1.438632e-02
6.010757 1.334211e-02
6.491598 9.800543e-03
7.236276 6.173259e-03
7.595107 4.898741e-03
8.012173 3.730003e-03
8.449476 2.791184e-03
9.002340 1.905458e-03
9.388771 1.441107e-03
9.996590 9.095166e-04
10.975643 4.055342e-04
11.980213 1.624034e-04
0.169252 9.084947e-03
0.261343 1.084968e-02
0.328830 1.236609e-02
0.399927 1.410967e-02
0.503048 1.660353e-02
0.598543 1.909884e-02
0.700106 2.196644e-02
0.816710 2.545856e-02
0.923001 2.824226e-02
1.035510 3.115263e-02
1.154603 3.434534e-02
1.302378 3.843285e-02
1.495512 4.286965e-02
1.604235 4.529994e-02
1.822689 4.967803e-02
2.002028 5.274841e-02
2.207925 5.577857e-02
2.444226 5.779624e-02
2.733143 5.840002e-02
3.008131 5.680098e-02
3.283033 5.424969e-02
3.490861 5.219319e-02
4.007945 4.259245e-02
4.428034 3.440740e-02
4.995933 2.455662e-02
5.846614 1.438632e-02
6.010757 1.334211e-02
6.491598 9.800543e-03
7.005417 7.114531e-03
7.236276 6.173259e-03
7.595107 4.898741e-03
8.012173 3.730003e-03
8.449476 2.791184e-03
9.002340 1.905458e-03
9.388771 1.441107e-03
9.996590 9.095166e-04
10.975643 4.055342e-04
11.980213 1.624034e-04
2.444226 5.779624e-02
5.529766 1.733821e-02
